# Created by Octave 4.2.0, Tue Jan 10 17:13:18 2017 GMT <unknown@unknown>
# name: A
# type: scalar struct
# ndims: 2
 1 1
# length: 3
# name: var
# type: scalar
1


# name: card
# type: scalar
2


# name: val
# type: matrix
# rows: 1
# columns: 2
 0.11 0.89




# name: AI
# type: matrix
# rows: 4
# columns: 1
 1
 2
 1
 2


# name: AJ
# type: matrix
# rows: 4
# columns: 2
 1 1
 1 2
 2 1
 2 2


# name: B
# type: scalar struct
# ndims: 2
 1 1
# length: 3
# name: var
# type: matrix
# rows: 1
# columns: 2
 2 1


# name: card
# type: matrix
# rows: 1
# columns: 2
 2 2


# name: val
# type: matrix
# rows: 1
# columns: 4
 0.59 0.41 0.22 0.78




# name: C
# type: scalar struct
# ndims: 2
 1 1
# length: 3
# name: var
# type: matrix
# rows: 1
# columns: 2
 1 2


# name: card
# type: matrix
# rows: 1
# columns: 2
 2 2


# name: val
# type: matrix
# rows: 1
# columns: 4
 0 0 0 0




# name: D
# type: matrix
# rows: 1
# columns: 2
 2 1


# name: FACTORS
# type: scalar struct
# ndims: 2
 1 1
# length: 2
# name: INPUT
# type: struct
# ndims: 2
 1 2
# length: 3
# name: var
# type: cell
# rows: 1
# columns: 2
# name: <cell-element>
# type: scalar
1



# name: <cell-element>
# type: matrix
# rows: 1
# columns: 2
 2 1





# name: card
# type: cell
# rows: 1
# columns: 2
# name: <cell-element>
# type: scalar
2



# name: <cell-element>
# type: matrix
# rows: 1
# columns: 2
 2 2





# name: val
# type: cell
# rows: 1
# columns: 2
# name: <cell-element>
# type: matrix
# rows: 1
# columns: 2
 0.11 0.89



# name: <cell-element>
# type: matrix
# rows: 1
# columns: 4
 0.59 0.41 0.22 0.78







# name: PRODUCT
# type: scalar struct
# ndims: 2
 1 1
# length: 3
# name: var
# type: matrix
# rows: 1
# columns: 2
 1 2


# name: card
# type: matrix
# rows: 1
# columns: 2
 2 2


# name: val
# type: matrix
# rows: 1
# columns: 4
 0.0649 0.1958 0.04509999999999999 0.6942






# name: ans
# type: scalar struct
# ndims: 2
 1 1
# length: 3
# name: var
# type: matrix
# rows: 1
# columns: 2
 1 2


# name: card
# type: matrix
# rows: 1
# columns: 2
 2 2


# name: val
# type: matrix
# rows: 1
# columns: 4
 0.0649 0.1958 0.04509999999999999 0.6942




# name: assignments
# type: matrix
# rows: 4
# columns: 2
 1 1
 2 1
 1 2
 2 2


# name: dummy
# type: bool matrix
# rows: 1
# columns: 2
 1 1


# name: i
# type: scalar
2


# name: indxA
# type: matrix
# rows: 4
# columns: 1
 1
 2
 1
 2


# name: indxB
# type: matrix
# rows: 4
# columns: 1
 1
 3
 2
 4


# name: mapA
# type: scalar
1


# name: mapB
# type: matrix
# rows: 1
# columns: 2
 2 1


